1.967887e+03 4.984418e+02 2.046214e+03 5.274605e+02
1.208189e+03 4.124375e+02 1.243964e+03 3.880691e+02
7.910843e+02 1.125214e+02 8.988495e+02 1.389395e+02
9.169163e+02 6.168281e+02 1.206059e+03 4.136366e+02
1.243340e+03 3.888547e+02 1.363918e+03 3.041475e+02
1.378231e+03 3.119032e+02 1.974686e+03 1.041168e+03
1.283206e+03 5.705968e+02 1.301340e+03 5.595831e+02
1.303018e+03 5.578651e+02 1.371749e+03 5.098000e+02
8.028459e+02 8.182508e+01 9.107209e+02 1.077658e+02
1.245834e+03 4.745649e+02 1.284790e+03 4.479458e+02
1.224105e+03 4.950202e+02 1.281919e+03 5.710318e+02
1.150674e+03 6.643346e+02 1.189773e+03 6.373388e+02
1.397811e+03 7.587353e+02 1.412471e+03 7.494487e+02
1.351072e+03 6.549030e+02 1.438582e+03 5.929324e+02
1.056101e+03 6.074467e+02 1.124692e+03 5.591936e+02
9.548819e+02 6.810256e+02 1.006531e+03 7.637459e+02
1.101388e+03 6.991129e+02 1.149237e+03 6.658659e+02
1.371136e+03 5.076716e+02 1.310543e+03 4.321444e+02
1.255609e+03 7.217483e+02 1.344913e+03 6.587830e+02
1.284066e+03 5.750494e+02 1.346163e+03 6.569062e+02
1.417341e+03 7.449270e+02 1.507334e+03 6.806673e+02
1.264683e+03 5.843549e+02 1.280431e+03 5.751180e+02
1.226675e+03 6.114696e+02 1.263296e+03 5.863315e+02
1.044084e+03 6.179006e+02 1.098096e+03 6.985617e+02
1.010162e+03 7.641408e+02 1.031120e+03 7.494424e+02
1.132548e+03 5.548617e+02 1.189207e+03 6.340292e+02
1.288308e+03 4.457797e+02 1.307311e+03 4.323891e+02
1.037275e+03 7.448402e+02 1.098401e+03 7.021620e+02
1.348059e+03 6.586131e+02 1.414705e+03 7.470647e+02
1.228499e+03 7.405729e+02 1.243890e+03 7.309493e+02
1.505702e+03 8.261159e+02 1.548332e+03 7.953342e+02
1.965685e+03 4.640617e+02 1.985549e+03 4.695543e+02
8.672759e+02 7.443111e+02 9.169353e+02 8.284869e+02
1.170118e+03 7.822804e+02 1.206656e+03 7.570038e+02
1.192643e+03 6.380044e+02 1.252980e+03 7.224071e+02
1.008500e+03 7.657957e+02 1.064800e+03 8.545139e+02
1.160663e+03 7.910190e+02 1.222720e+03 8.825693e+02
1.453683e+03 8.633197e+02 1.484682e+03 8.409542e+02
1.507034e+03 6.781869e+02 1.440122e+03 5.937118e+02
1.320914e+03 8.174486e+02 1.387164e+03 9.095969e+02
1.254174e+03 7.249484e+02 1.317837e+03 8.137605e+02
1.226391e+03 8.803570e+02 1.317612e+03 8.160427e+02
9.185047e+02 8.285579e+02 1.006461e+03 7.661882e+02
1.485360e+03 8.412587e+02 1.557038e+03 9.375090e+02
1.099279e+03 7.011086e+02 1.158287e+03 7.884345e+02
1.549729e+03 7.939877e+02 1.579463e+03 7.723721e+02
1.290810e+03 9.795334e+02 1.386815e+03 9.116864e+02
1.388288e+03 9.121877e+02 1.458397e+03 1.009609e+03
1.581696e+03 7.731394e+02 1.653722e+03 8.662895e+02
1.558840e+03 9.373108e+02 1.654599e+03 8.666461e+02
1.562131e+03 6.389539e+01 1.816820e+03 1.629088e+02
1.066916e+03 8.543158e+02 1.093342e+03 8.364744e+02
9.051408e+02 7.146180e+02 9.415573e+02 6.888235e+02
2.006566e+03 4.790276e+02 2.056858e+03 4.978400e+02
1.418079e+03 7.523464e+02 1.483384e+03 8.396184e+02
1.391565e+03 9.075902e+02 1.444914e+03 8.695286e+02
1.033755e+03 1.015169e+03 1.125880e+03 9.508825e+02
1.192586e+03 1.047793e+03 1.244826e+03 1.011727e+03
1.358784e+03 7.871958e+02 1.398410e+03 7.589259e+02
1.460696e+03 1.012254e+03 1.530658e+03 1.109781e+03
9.747677e+02 9.198296e+02 1.017103e+03 8.903009e+02
1.094286e+03 8.353914e+02 1.158158e+03 7.905656e+02
1.459452e+03 1.009384e+03 1.551534e+03 9.430403e+02
1.644410e+03 1.029338e+03 1.729251e+03 9.657948e+02
1.065575e+03 8.560669e+02 1.095097e+03 9.021734e+02
1.559964e+03 9.418742e+02 1.630194e+03 1.036703e+03
1.094917e+03 9.019360e+02 1.125846e+03 9.496441e+02
1.532255e+03 1.111053e+03 1.631185e+03 1.038800e+03
9.174876e+02 8.301557e+02 9.721731e+02 9.215938e+02
1.328145e+03 1.036420e+03 1.357158e+03 1.078352e+03
1.423299e+03 1.035015e+03 1.457092e+03 1.010829e+03
9.737418e+02 9.231509e+02 1.030525e+03 1.016089e+03
1.237053e+03 9.038238e+02 1.288538e+03 9.795141e+02
1.259397e+03 1.150550e+03 1.356066e+03 1.082936e+03
1.290991e+03 9.820459e+02 1.327751e+03 1.035904e+03
1.730680e+03 9.666498e+02 1.803809e+03 1.063988e+03
1.128395e+03 9.496531e+02 1.188622e+03 9.074775e+02
1.360121e+03 1.083412e+03 1.428985e+03 1.182569e+03
1.633115e+03 1.039816e+03 1.706460e+03 1.139526e+03
1.246561e+03 1.010061e+03 1.283025e+03 9.848135e+02
1.128046e+03 9.523393e+02 1.182985e+03 1.036564e+03
8.296468e+02 8.946127e+02 8.796472e+02 9.833625e+02
1.094764e+03 1.116076e+03 1.169196e+03 1.064561e+03
1.018475e+03 8.890523e+02 1.064436e+03 8.568556e+02
1.191033e+03 1.049520e+03 1.258161e+03 1.151017e+03
1.259472e+03 1.152228e+03 1.326589e+03 1.252484e+03
7.802387e+02 8.056607e+02 8.270495e+02 8.909164e+02
1.170078e+03 1.063374e+03 1.186172e+03 1.053128e+03
1.361159e+03 1.078779e+03 1.416443e+03 1.039905e+03
6.964029e+02 8.662098e+02 7.411884e+02 9.532137e+02
1.224119e+03 8.849498e+02 1.235160e+03 9.021371e+02
8.834009e+02 9.834121e+02 9.470514e+02 9.389790e+02
1.432408e+03 1.182522e+03 1.530383e+03 1.112685e+03
1.532516e+03 1.113094e+03 1.604017e+03 1.212562e+03
8.810337e+02 9.865115e+02 9.360243e+02 1.080788e+03
8.296747e+02 8.921949e+02 9.020378e+02 8.407523e+02
3.347253e+02 2.294128e+02 3.554764e+02 2.392186e+02
1.032376e+03 1.019468e+03 1.092857e+03 1.116199e+03
9.987479e+02 1.181420e+03 1.092318e+03 1.117407e+03
8.672230e+02 7.406462e+02 8.847562e+02 7.302399e+02
1.193901e+03 6.353268e+02 1.209310e+03 6.237859e+02
9.976050e+02 1.040839e+03 1.029031e+03 1.018779e+03
1.329658e+03 1.253422e+03 1.429446e+03 1.184366e+03
2.207822e+03 4.687448e+02 2.429001e+03 3.735800e+02
1.163668e+03 1.215628e+03 1.256891e+03 1.151783e+03
1.430846e+03 1.184645e+03 1.502422e+03 1.287296e+03
7.424369e+02 9.563766e+02 7.914607e+02 1.048062e+03
6.591956e+02 1.016091e+03 7.049099e+02 1.106982e+03
8.469515e+02 1.144372e+03 9.358437e+02 1.083329e+03
9.460218e+02 9.398280e+02 9.715681e+02 9.213549e+02
1.094549e+03 1.118423e+03 1.158241e+03 1.218460e+03
1.130921e+03 1.237784e+03 1.151230e+03 1.224506e+03
8.068909e+02 9.074074e+02 8.265414e+02 8.943801e+02
7.276194e+02 7.543603e+02 9.048892e+02 6.257660e+02
1.708146e+03 1.138931e+03 1.803651e+03 1.066237e+03
7.924819e+02 1.049427e+03 8.445470e+02 1.143418e+03
1.159515e+03 1.220946e+03 1.224444e+03 1.320558e+03
1.334741e+03 1.264941e+03 1.398389e+03 1.357970e+03
9.424900e+02 1.078905e+03 9.979022e+02 1.040754e+03
9.976220e+02 1.183841e+03 1.058792e+03 1.282641e+03
8.108051e+02 1.035056e+03 8.800286e+02 9.864498e+02
1.195902e+03 9.026151e+02 1.222937e+03 8.827782e+02
1.228468e+03 1.322263e+03 1.326128e+03 1.256250e+03
7.067918e+02 1.107901e+03 7.890656e+02 1.050079e+03
1.185497e+03 7.406029e-01 1.175574e+03 1.209534e+02
7.629138e+02 9.394796e+02 8.063132e+02 9.084882e+02
4.296814e+02 9.813187e+02 6.359467e+02 8.222180e+02
7.067896e+02 1.111052e+03 7.561089e+02 1.204502e+03
1.061268e+03 1.286417e+03 1.110893e+03 1.364943e+03
1.985209e+03 4.705640e+02 2.006310e+03 4.784629e+02
8.818031e+02 7.309495e+02 9.056195e+02 7.142604e+02
2.196240e+03 3.653634e+02 2.249882e+03 3.388649e+02
6.359842e+02 8.231076e+02 7.231073e+02 7.576063e+02
9.671164e+02 1.132130e+03 9.962444e+02 1.180653e+03
2.158603e+03 3.838529e+02 2.189447e+03 3.691327e+02
9.042258e+02 1.245282e+03 9.879075e+02 1.188931e+03
6.158589e+02 9.270891e+02 6.579137e+02 1.014244e+03
6.761148e+02 1.002458e+03 7.408366e+02 9.558217e+02
7.256187e+02 8.442728e+02 7.749565e+02 8.083630e+02
2.098214e+03 4.143121e+02 2.150769e+03 3.881512e+02
1.505054e+03 1.286475e+03 1.603186e+03 1.216360e+03
8.253876e+02 1.158431e+03 8.451999e+02 1.146859e+03
2.215103e+03 1.261969e+03 2.263752e+03 1.278518e+03
1.113230e+03 1.249391e+03 1.131128e+03 1.238300e+03
1.062436e+03 1.283842e+03 1.111760e+03 1.250953e+03
8.957119e+02 1.380223e+02 9.114798e+02 1.307300e+02
9.379809e+02 1.083611e+03 9.659528e+02 1.130327e+03
9.649911e+02 1.347683e+03 1.058618e+03 1.286246e+03
3.531038e+02 2.381021e+02 3.706049e+02 2.493503e+02
1.565490e+03 1.363297e+03 1.837752e+03 1.162166e+03
6.745621e+02 1.262032e+03 7.557167e+02 1.206892e+03
1.882321e+03 1.125198e+03 1.921025e+03 1.094488e+03
6.244292e+02 1.166131e+03 6.780376e+02 1.128607e+03
1.159346e+03 1.367360e+03 1.225225e+03 1.324293e+03
8.461290e+02 1.146978e+03 9.022501e+02 1.244026e+03
8.094247e+02 1.170069e+03 8.254282e+02 1.160154e+03
6.241098e+02 1.167373e+03 6.722216e+02 1.262695e+03
9.365971e+02 1.302173e+03 9.632793e+02 1.345933e+03
1.924198e+03 1.092138e+03 1.970523e+03 1.053933e+03
7.579464e+02 1.207362e+03 8.109554e+02 1.303331e+03
1.919938e+03 1.205649e+03 1.946761e+03 1.211339e+03
9.148166e+02 1.265024e+03 9.371557e+02 1.302845e+03
5.391503e+02 9.849601e+02 5.782882e+02 1.071600e+03
8.267081e+02 1.296498e+03 9.023575e+02 1.246225e+03
3.543060e+02 6.744710e+02 3.702930e+02 6.791244e+02
2.182386e+03 1.261002e+03 2.231304e+03 1.292164e+03
1.227267e+03 1.324531e+03 1.254915e+03 1.366095e+03
1.816430e+03 1.643510e+02 1.833088e+03 1.704128e+02
7.271570e+02 1.361593e+03 8.108496e+02 1.307086e+03
8.131159e+02 1.307275e+03 8.478588e+02 1.367423e+03
9.323514e+02 1.367518e+03 9.624416e+02 1.350174e+03
2.199662e+03 8.957690e+02 2.245191e+03 9.117625e+02
2.188241e+03 1.252498e+03 2.213566e+03 1.261594e+03
2.287437e+03 3.190612e+02 2.316533e+03 3.058236e+02
5.799160e+02 1.072059e+03 6.570770e+02 1.015809e+03
2.140608e+03 7.970675e+02 2.126070e+03 8.646669e+02
7.843744e+02 1.187348e+03 8.101731e+02 1.169841e+03
4.439794e+02 9.360641e+01 4.586206e+02 1.055745e+02
5.402049e+02 9.820656e+02 6.134128e+02 9.271754e+02
9.038805e+02 1.246826e+03 9.144540e+02 1.264726e+03
2.019625e+03 8.750000e-01 2.429625e+03 8.750000e-01
1.870875e+03 8.750000e-01 2.010875e+03 8.750000e-01
1.832331e+03 1.823290e+02 1.715361e+03 3.003772e+02
2.005634e+03 1.220436e+03 2.236642e+03 1.299783e+03
1.345845e+03 1.548514e+02 1.368363e+03 1.542023e+02
2.348439e+03 2.885021e+02 2.367375e+03 2.789024e+02
8.721250e+02 8.750000e-01 9.371250e+02 8.750000e-01
2.430610e+03 3.758755e+02 2.430825e+03 4.896251e+02
2.430649e+03 2.124999e+00 2.430650e+03 2.433750e+02
1.837782e+03 1.803665e+02 1.855692e+03 1.594679e+02
9.646218e+02 1.349627e+03 9.765703e+02 1.367496e+03
7.597672e+02 1.204820e+03 7.712791e+02 1.196429e+03
6.768210e+02 1.129182e+03 6.922686e+02 1.118584e+03
6.976147e+02 8.652638e+02 7.150928e+02 8.518659e+02
6.605493e+02 1.014197e+03 6.758780e+02 1.002520e+03
4.262030e+02 9.893451e+02 5.957185e+02 1.368870e+03
2.367819e+03 2.784745e+02 2.404081e+03 2.598186e+02
5.276881e+02 7.743273e+02 5.612151e+02 7.847846e+02
2.317481e+03 3.041053e+02 2.348151e+03 2.891647e+02
2.430865e+03 4.946250e+02 2.430880e+03 9.508750e+02
2.290223e+03 9.130653e+02 2.303978e+03 9.073191e+02
2.315186e+02 7.303680e+02 2.738350e+02 7.458692e+02
3.549552e+02 6.855133e+02 3.712880e+02 6.888590e+02
2.189506e+03 8.848763e+02 2.227166e+03 8.878620e+02
1.578604e+02 5.744622e+02 1.719060e+02 5.972599e+02
1.565875e+03 8.750000e-01 1.869625e+03 8.750000e-01
9.421250e+02 8.750000e-01 1.182125e+03 8.750000e-01
5.486454e+02 2.318920e+02 5.515108e+02 2.505859e+02
2.125000e+00 8.750000e-01 2.833750e+02 8.750000e-01
2.497566e+02 6.757563e+02 2.479812e+02 6.924813e+02
1.506668e+03 1.373863e+02 1.516062e+03 1.538029e+02
4.647180e+02 6.771497e+02 4.603637e+02 6.935709e+02
1.611031e+03 2.534296e+02 1.590992e+03 3.104771e+02
2.414495e+03 1.332943e+03 2.429707e+03 1.335362e+03
1.884332e+03 1.125725e+03 1.883264e+03 1.154575e+03
1.948549e+03 1.186847e+03 1.943695e+03 1.205635e+03
2.119266e+03 4.449772e+02 2.182066e+03 4.710162e+02
1.903792e+03 1.199862e+03 1.921102e+03 1.205129e+03
4.318501e+02 7.438535e+02 4.479215e+02 7.347868e+02
2.273233e+03 3.268331e+02 2.288315e+03 3.195012e+02
1.710293e+02 5.955500e+02 1.937043e+02 6.168549e+02
1.611104e+03 2.127096e+02 1.622577e+03 2.211564e+02
8.750000e-01 2.125000e+00 8.750000e-01 2.871250e+02
9.137160e+01 5.473423e+02 1.077867e+02 5.557707e+02
1.600185e+03 2.665785e+02 1.594087e+03 2.882234e+02
4.006435e+02 6.532717e+02 3.915397e+02 6.736716e+02
1.861165e+02 1.601398e+02 2.029039e+02 1.727521e+02
1.945606e+03 1.213456e+03 1.978288e+03 1.220055e+03
7.692377e+01 5.499794e+02 9.015985e+01 5.470053e+02
1.978365e+03 1.218223e+03 2.004624e+03 1.218470e+03
5.375464e+02 7.835783e+02 5.771637e+02 7.995289e+02
1.922458e+03 1.170021e+03 1.932590e+03 1.188799e+03
2.101112e+03 4.377174e+02 2.118899e+03 4.441371e+02
1.637286e+03 2.779268e+02 1.712088e+03 3.047284e+02
2.138695e+02 7.221503e+02 2.332360e+02 7.299693e+02
2.430875e+03 2.483750e+02 2.430875e+03 3.696250e+02
1.979604e+03 1.225709e+03 2.390583e+03 1.371472e+03
1.851098e+03 1.149892e+03 1.869513e+03 1.134491e+03
2.029690e+03 8.042422e+02 2.137242e+03 7.961946e+02
3.338173e+02 6.222754e+02 3.282182e+02 6.387466e+02
1.927983e+03 8.795901e+01 1.956938e+03 5.815759e+01
4.125628e+02 8.687196e+01 4.046887e+02 1.121448e+02
3.235734e+01 3.083838e+02 7.253317e+01 3.322898e+02
2.102872e+03 9.357642e+02 2.069223e+03 1.088562e+03
5.394495e+02 4.160504e+02 4.950904e+02 3.716590e+02
2.368486e+03 9.280444e+02 2.392840e+03 9.362195e+02
2.291096e+03 1.296697e+03 2.337225e+03 1.293627e+03
1.913742e+03 1.197348e+03 1.934567e+03 1.204787e+03
9.187179e+02 1.254648e+02 9.311227e+02 1.736331e+02
1.973869e+03 4.139705e+01 2.008846e+03 5.078845e+00
1.207290e+03 1.340796e+02 1.242922e+03 1.448722e+02
2.905266e+02 1.193805e+01 2.685910e+02 5.282021e+01
1.350047e+03 1.475183e+02 1.367367e+03 1.457536e+02
2.007377e+03 3.840824e+02 2.030839e+03 3.873783e+02
2.194328e+02 1.843606e+02 2.387426e+02 1.978487e+02
4.113287e+02 6.213591e+02 4.032093e+02 6.499331e+02
1.894872e+03 1.182465e+03 1.930849e+03 1.192221e+03
5.215011e+02 3.902759e+02 5.501998e+02 4.202710e+02
2.212590e+02 1.340084e+02 2.386950e+02 1.448682e+02
2.099703e+02 6.280168e+02 2.246389e+02 6.421573e+02
1.508167e+03 4.122460e+01 1.493750e+03 2.808470e+01
3.160261e+02 6.700682e+02 3.077963e+02 6.960873e+02
2.851372e+02 1.114114e+01 2.738054e+02 3.294910e+01
1.484625e+03 8.750000e-01 1.558375e+03 8.750000e-01
2.034824e+03 1.020873e+03 2.061838e+03 1.025177e+03
6.933630e+01 5.551843e+02 5.340782e+01 5.746519e+02
5.377399e+01 2.041916e+02 4.438023e+01 2.226369e+02
1.749615e+02 1.059161e+02 1.728367e+02 1.233092e+02
3.443957e+02 6.312367e+02 3.360818e+02 6.546983e+02
4.151692e+02 6.211980e+02 4.478251e+02 6.358506e+02
2.221880e+03 8.868624e+02 2.239241e+03 8.931799e+02
1.868972e+02 7.154691e+02 2.021554e+02 7.069067e+02
2.003776e+03 1.748404e+01 1.987113e+03 3.336231e+01
1.176235e+03 1.235683e+02 1.206905e+03 1.340213e+02
2.066115e+03 1.030664e+03 2.055269e+03 1.082521e+03
2.773688e+02 1.711125e+02 2.957560e+02 1.835508e+02
2.284713e+03 1.203445e+03 2.267495e+03 1.225178e+03
3.347798e+02 6.575769e+02 3.233913e+02 6.929781e+02
1.379625e+03 8.680247e-01 1.478375e+03 8.980006e-01
3.752572e+02 8.159210e+01 3.986745e+02 1.093725e+02
2.393372e+03 1.366507e+03 2.428377e+03 1.366692e+03
2.412139e+03 1.298998e+03 2.429716e+03 1.298598e+03
1.443181e+02 3.364767e+02 1.271487e+02 3.633901e+02
1.242042e+02 7.396134e+02 6.045075e+02 8.190853e+02
3.487906e+01 1.754110e+02 1.675769e+01 2.100863e+02
2.330117e+03 5.248650e+02 2.428844e+03 4.922974e+02
5.041810e+01 5.809084e+02 3.491300e+01 6.055911e+02
1.222275e+02 7.152978e+02 1.531757e+02 7.382056e+02
1.169625e+03 1.366608e+03 1.247125e+03 1.366611e+03
1.597491e+00 2.906360e+02 2.244432e+01 3.015130e+02
1.263931e+02 3.195404e+02 1.240781e+02 3.395618e+02
1.394625e+03 1.366632e+03 1.548375e+03 1.366603e+03
1.003765e+02 4.533287e+02 1.220983e+02 4.659211e+02
9.871248e+02 1.366604e+03 1.108375e+03 1.366631e+03
3.706453e+02 7.051035e+02 3.637222e+02 7.198654e+02
5.049739e+02 3.599857e+02 5.285019e+02 3.731483e+02
2.005977e+03 3.585752e+02 2.035869e+03 3.433633e+02
1.510138e+03 4.674878e+01 1.535027e+03 5.459921e+01
1.900625e+03 1.148684e+03 1.893956e+03 1.170282e+03
3.272221e+02 6.404989e+02 3.224465e+02 6.551377e+02
8.508749e+02 1.366617e+03 9.321251e+02 1.366602e+03
2.003577e+03 9.831053e+02 1.995790e+03 1.013353e+03
4.898336e+01 1.474425e+02 3.837272e+01 1.677761e+02
1.798534e+03 1.191695e+02 1.825765e+03 1.286894e+02
1.950786e+03 1.008949e+03 1.993613e+03 1.015593e+03
6.021247e+02 1.366595e+03 7.233752e+02 1.366637e+03
3.626777e+02 4.680953e+02 3.468615e+02 5.075208e+02
2.005832e+03 9.787871e+02 2.038370e+03 9.821768e+02
2.397711e+02 6.250141e+02 2.331785e+02 6.486686e+02
2.010060e+03 8.859427e+02 2.004438e+03 9.220959e+02
2.075847e+03 9.335495e+02 2.099679e+03 9.329223e+02
3.007870e+02 4.265328e+02 3.603969e+02 4.641329e+02
4.197565e+02 1.457569e+02 3.913324e+02 1.140863e+02
3.971496e+02 6.870346e+02 4.269770e+02 6.951679e+02
2.728547e+02 2.228885e+02 2.945913e+02 2.285053e+02
2.238660e+03 8.929159e+02 2.255889e+03 8.957912e+02
5.983750e+02 8.750000e-01 6.921250e+02 8.750000e-01
