6.659881e+02 3.003706e+02 6.896684e+02 3.341694e+02
6.018559e+02 3.481387e+02 6.259062e+02 3.816733e+02
6.598526e+02 3.590357e+02 6.831623e+02 3.918485e+02
3.240074e+02 3.083815e+02 7.247045e+02 7.368752e+01
6.094603e+02 2.880643e+02 6.333845e+02 3.216904e+02
6.579062e+02 3.590944e+02 6.283377e+02 3.821479e+02
7.130762e+02 3.693161e+02 6.843744e+02 3.931242e+02
6.541259e+02 4.208059e+02 6.783699e+02 4.541972e+02
7.198078e+02 3.128238e+02 7.413912e+02 3.438419e+02
5.992625e+02 3.479728e+02 5.668929e+02 3.718993e+02
7.180895e+02 3.118299e+02 6.907809e+02 3.333231e+02
7.144615e+02 3.693140e+02 7.372328e+02 4.016228e+02
6.640461e+02 3.001764e+02 6.344031e+02 3.219133e+02
6.579882e+02 3.569726e+02 6.340323e+02 3.233693e+02
6.519231e+02 4.180902e+02 6.277514e+02 3.846450e+02
8.185019e+02 3.353675e+02 8.394229e+02 3.659883e+02
6.608393e+02 3.571490e+02 6.882134e+02 3.357380e+02
4.829894e+02 2.585625e+02 5.097919e+02 2.953210e+02
5.378712e+02 3.352595e+02 5.017045e+02 3.603795e+02
6.721535e+02 2.441818e+02 6.946807e+02 2.766630e+02
6.543691e+02 4.181178e+02 6.831432e+02 3.943970e+02
7.080711e+02 4.269136e+02 6.850508e+02 3.947864e+02
4.009951e+02 3.094069e+02 4.310421e+02 3.493716e+02
7.738629e+02 2.701228e+02 7.945454e+02 3.005090e+02
6.159767e+02 2.291281e+02 6.396899e+02 2.629039e+02
5.999925e+02 3.460831e+02 5.743325e+02 3.106558e+02
5.919796e+02 4.107585e+02 5.583213e+02 4.371256e+02
6.069881e+02 2.870370e+02 5.754129e+02 3.090710e+02
5.941240e+02 4.108078e+02 6.194465e+02 4.455729e+02
7.132084e+02 3.680661e+02 6.903867e+02 3.357935e+02
5.392375e+02 3.357256e+02 5.656569e+02 3.718517e+02
7.705775e+02 3.244077e+02 7.910046e+02 3.541140e+02
6.022911e+02 3.461858e+02 6.332129e+02 3.232435e+02
6.640149e+02 2.983795e+02 6.407853e+02 2.655117e+02
1.085906e+03 2.781805e+02 1.089919e+03 3.482370e+02
5.942264e+02 4.091851e+02 6.257461e+02 3.845298e+02
4.723321e+02 3.227847e+02 4.995022e+02 3.592803e+02
5.465559e+02 2.721052e+02 5.202077e+02 2.355777e+02
7.146408e+02 3.684441e+02 7.412041e+02 3.463204e+02
5.485322e+02 2.740817e+02 5.736717e+02 3.089812e+02
7.644762e+02 3.794908e+02 7.391620e+02 4.016314e+02
5.853501e+02 6.478382e+02 9.038581e+02 3.425317e+02
4.611054e+02 3.893239e+02 4.901025e+02 4.278881e+02
5.304399e+02 3.991247e+02 5.656121e+02 3.731076e+02
7.255308e+02 7.402163e+01 9.040571e+02 3.416708e+02
6.521768e+02 4.197380e+02 6.207950e+02 4.458295e+02
5.831270e+02 6.493735e+02 3.239789e+02 3.109283e+02
5.929136e+02 4.095298e+02 5.664711e+02 3.734208e+02
1.948879e+02 2.196472e+02 1.817878e+02 2.443287e+02
7.178004e+02 3.108511e+02 6.952108e+02 2.784134e+02
8.136629e+02 3.869914e+02 7.928321e+02 3.570790e+02
5.280143e+02 3.982069e+02 5.014061e+02 3.622217e+02
5.566254e+02 2.136627e+02 5.819927e+02 2.492912e+02
7.665516e+02 3.795997e+02 7.888798e+02 4.117319e+02
5.466803e+02 2.728279e+02 5.118820e+02 2.956356e+02
7.098663e+02 4.290243e+02 7.334191e+02 4.620229e+02
4.611397e+02 3.888677e+02 4.996064e+02 3.622089e+02
8.158102e+02 3.345862e+02 7.931755e+02 3.544326e+02
7.745571e+02 2.683577e+02 7.976144e+02 2.503202e+02
7.653019e+02 3.783525e+02 7.425400e+02 3.460371e+02
7.666947e+02 3.779194e+02 7.919832e+02 3.557484e+02
6.699923e+02 2.423148e+02 6.464368e+02 2.084296e+02
7.691458e+02 3.228493e+02 7.431799e+02 3.444410e+02
5.202303e+02 4.677843e+02 5.487155e+02 5.054844e+02
8.190429e+02 2.804549e+02 7.987172e+02 2.506772e+02
6.232881e+02 1.734016e+02 6.461140e+02 2.065382e+02
5.281015e+02 4.005933e+02 4.909635e+02 4.281464e+02
8.192226e+02 2.814385e+02 7.965782e+02 3.002681e+02
5.829089e+02 2.490425e+02 6.140185e+02 2.288264e+02
7.105532e+02 4.267929e+02 7.371900e+02 4.034849e+02
5.380103e+02 3.344594e+02 5.114880e+02 2.984097e+02
7.714388e+02 2.700700e+02 7.468751e+02 2.893752e+02
7.077960e+02 4.289990e+02 6.791227e+02 4.540866e+02
4.704863e+02 3.207278e+02 4.426453e+02 2.831567e+02
7.716939e+02 2.682487e+02 7.503787e+02 2.370432e+02
6.458049e+02 4.817433e+02 6.204002e+02 4.470396e+02
5.394812e+02 3.345278e+02 5.733642e+02 3.109691e+02
6.158178e+02 2.284216e+02 6.460433e+02 2.087684e+02
6.722535e+02 2.424195e+02 6.995817e+02 2.234223e+02
7.228390e+02 2.564908e+02 6.955654e+02 2.767950e+02
7.613145e+02 4.356646e+02 7.381326e+02 4.031196e+02
6.069687e+02 2.855586e+02 5.825219e+02 2.510523e+02
8.616737e+02 3.428651e+02 8.413558e+02 3.130819e+02
5.303169e+02 4.008524e+02 5.568950e+02 4.368603e+02
7.287467e+02 2.039528e+02 7.499793e+02 2.352145e+02
7.246807e+02 2.579152e+02 7.460630e+02 2.890744e+02
6.095573e+02 2.858873e+02 6.391621e+02 2.653185e+02
6.670959e+02 2.984233e+02 6.944215e+02 2.781878e+02
8.142455e+02 3.878847e+02 7.889422e+02 4.113071e+02
5.867774e+02 4.742578e+02 6.194899e+02 4.470130e+02
6.470684e+02 4.829842e+02 6.729804e+02 5.185701e+02
7.265238e+02 2.038661e+02 7.005624e+02 2.217843e+02
7.037581e+02 4.894799e+02 6.792521e+02 4.557142e+02
1.083002e+03 3.611297e+02 1.279653e+03 3.285544e+02
7.197982e+02 3.111628e+02 7.457289e+02 2.907570e+02
1.068544e+03 3.475011e+02 1.088126e+03 3.431311e+02
4.307523e+02 3.489162e+02 4.704389e+02 3.228417e+02
6.704141e+02 2.428235e+02 6.417140e+02 2.628948e+02
6.774245e+02 1.889983e+02 6.997739e+02 2.216016e+02
8.181361e+02 3.331375e+02 8.405929e+02 3.132503e+02
8.617555e+02 3.441459e+02 8.390469e+02 3.651705e+02
5.196448e+02 4.675642e+02 5.570019e+02 4.382869e+02
7.708161e+02 3.221037e+02 7.946427e+02 3.021954e+02
6.138273e+02 2.272567e+02 5.900542e+02 1.931439e+02
6.479191e+02 4.816416e+02 6.771095e+02 4.558908e+02
4.012850e+02 3.079500e+02 4.414818e+02 2.832705e+02
5.857358e+02 4.755425e+02 6.118705e+02 5.106284e+02
7.681638e+02 3.218481e+02 7.466071e+02 2.908111e+02
5.572569e+02 2.124991e+02 5.888987e+02 1.931396e+02
5.845344e+02 4.758161e+02 5.492561e+02 5.052334e+02
5.845152e+02 4.742711e+02 5.578597e+02 4.383217e+02
8.166450e+02 3.332844e+02 7.957022e+02 3.030715e+02
7.225853e+02 2.559978e+02 7.001209e+02 2.234731e+02
4.720580e+02 3.221548e+02 5.097775e+02 2.974905e+02
1.021609e+03 3.678429e+02 1.069193e+03 3.595757e+02
6.457400e+02 4.832561e+02 6.144540e+02 5.107150e+02
5.484443e+02 2.723632e+02 5.809415e+02 2.511090e+02
7.246511e+02 2.559991e+02 7.497929e+02 2.374412e+02
1.230576e+03 1.343330e+02 1.256888e+03 1.346834e+02
7.042257e+02 4.891072e+02 6.730055e+02 5.178895e+02
7.320924e+02 1.515352e+02 7.062078e+02 1.683478e+02
7.284149e+02 2.035403e+02 7.540240e+02 1.856629e+02
6.834935e+02 1.366295e+02 7.050230e+02 1.689433e+02
4.831476e+02 2.577113e+02 5.190146e+02 2.358334e+02
7.762504e+02 2.172670e+02 7.515833e+02 2.352242e+02
7.755138e+02 2.165504e+02 7.542672e+02 1.852981e+02
6.751587e+02 1.871910e+02 6.527944e+02 1.541963e+02
7.264241e+02 2.021793e+02 7.052866e+02 1.708533e+02
7.608130e+02 4.369726e+02 7.341595e+02 4.615347e+02
6.478803e+02 2.064980e+02 6.752231e+02 1.887556e+02
5.771259e+02 5.435911e+02 6.119120e+02 5.131673e+02
6.393160e+02 5.478491e+02 6.137962e+02 5.135558e+02
5.772434e+02 5.431590e+02 6.051764e+02 5.803336e+02
6.229041e+02 1.723103e+02 6.516295e+02 1.547700e+02
6.771313e+02 1.885166e+02 7.035289e+02 1.712423e+02
7.314439e+02 1.517416e+02 7.105363e+02 1.202642e+02
1.012549e+03 3.014389e+02 1.085067e+03 2.777429e+02
6.835864e+02 1.351438e+02 7.091371e+02 1.198116e+02
1.195485e+03 5.455799e+01 1.228218e+03 1.269527e+02
6.392138e+02 5.491072e+02 6.055292e+02 5.804276e+02
1.013766e+03 3.016609e+02 1.021127e+03 3.666767e+02
1.052461e+02 6.835187e+01 5.858129e+01 2.862092e+01
1.307841e+02 2.823358e+02 1.224246e+02 3.078959e+02
1.176886e+03 5.960162e+01 1.193220e+03 5.879624e+01
1.968068e+02 2.372949e+02 2.156785e+02 2.380652e+02
1.582090e+00 3.257950e+02 8.058051e+01 3.420907e+02
1.153083e+03 8.808982e+01 1.177221e+03 5.947116e+01
6.309588e+02 1.227605e+02 6.048535e+02 9.885248e+01
6.420231e+02 8.571643e+01 6.443150e+02 1.133374e+02
9.943475e+02 3.656234e+02 9.943166e+02 3.906249e+02
1.153482e+03 8.727198e+01 1.149637e+03 1.149326e+02
8.319909e+01 2.294010e+02 6.710050e+01 2.752654e+02
1.099855e+03 1.542774e+02 1.129069e+03 1.375900e+02
8.512148e+01 1.253839e+02 1.356378e+02 1.505947e+02
1.001716e+03 3.786064e+02 1.050448e+03 3.685205e+02
1.198161e+03 5.984572e+02 1.216981e+03 5.991998e+02
9.193750e+02 1.875000e+00 1.278125e+03 1.875000e+00
1.279375e+03 3.125000e+00 1.279375e+03 1.243750e+02
9.999776e+02 3.804312e+02 1.279205e+03 3.345916e+02
1.129630e+03 1.388013e+02 1.151743e+03 1.358791e+02
1.033673e+03 1.816173e+02 1.098818e+03 1.456285e+02
1.323643e+01 2.738701e+02 7.453523e+01 2.873990e+02
7.319637e+01 2.620333e+02 7.884690e+01 3.041102e+02
1.244545e+03 1.271444e+02 1.278384e+03 1.297243e+02
6.044344e+02 2.654623e+01 6.366396e+02 2.447134e+01
1.084279e+03 2.344170e+02 1.085373e+03 2.694609e+02
9.838274e+02 3.569861e+02 9.823351e+02 3.832223e+02
6.008944e+02 3.403826e+01 5.978339e+02 7.703224e+01
1.115643e+03 5.518949e+02 1.098123e+03 5.680138e+02
1.589356e+00 3.307671e+02 8.060339e+01 3.469803e+02
3.952798e+01 1.841775e+01 7.199775e+01 2.360693e+01
1.123588e+02 2.681827e+02 1.104298e+02 2.843517e+02
1.072305e+03 5.855204e+02 1.138081e+03 5.777541e+02
1.009555e+03 2.961490e+02 1.044327e+03 2.842357e+02
7.803610e+01 3.048068e+02 1.043677e+02 3.041013e+02
1.199372e+03 5.934659e+02 1.221870e+03 5.936763e+02
2.942142e+02 2.137600e+02 3.168456e+02 2.194910e+02
8.061016e+01 1.283173e+02 1.401824e+02 1.602020e+02
1.008569e+03 2.979440e+02 1.015680e+03 3.645026e+02
2.046322e+02 1.899836e+02 2.337182e+02 2.016456e+02
4.218713e+02 5.020555e+02 4.681531e+02 5.030008e+02
1.035278e+03 2.535038e+02 1.082075e+03 2.348777e+02
6.067965e+02 9.071935e+01 6.270948e+02 1.076086e+02
3.177569e+02 2.005518e+02 3.170182e+02 2.168815e+02
1.033102e+03 1.830738e+02 1.035973e+03 2.518082e+02
9.097051e+02 2.485507e+00 7.935056e+02 1.696396e+02
1.227300e+01 1.980919e+02 9.790091e+00 2.619398e+02
9.786959e+02 3.056653e+02 9.807738e+02 3.406903e+02
5.253450e+01 4.226102e+01 1.650031e+00 3.419723e+00
2.779249e+02 1.946075e+02 3.155825e+02 1.996901e+02
6.401872e+02 1.587002e+01 6.565506e+02 4.510699e+01
9.382403e+02 2.642002e+02 9.671929e+02 2.832888e+02
1.535939e+02 1.463775e+02 1.565870e+02 1.717616e+02
2.568624e+02 9.855287e+01 2.831264e+02 9.932727e+01
9.455588e+02 3.206571e+02 9.580069e+02 3.463261e+02
1.082682e+00 9.445870e+01 4.936489e+01 1.231420e+02
3.372951e+02 2.115746e+00 4.411857e+02 1.740362e+02
6.818753e+02 5.981267e+02 7.001702e+02 5.952412e+02
2.848149e+02 1.005757e+02 2.826824e+02 1.355981e+02
1.095623e+03 5.731060e+02 1.134409e+03 5.697657e+02
9.856264e+02 4.395486e+02 1.043133e+03 4.390825e+02
3.125000e+00 7.193771e+02 4.506250e+02 7.193705e+02
5.983819e+02 2.348448e+01 6.161150e+02 1.081152e+01
1.469364e+02 5.089079e-01 1.743878e+02 2.686168e+01
7.168750e+02 7.193871e+02 7.918756e+02 7.193480e+02
4.534660e+01 2.882322e+02 5.176181e+01 3.048997e+02
1.045224e+03 4.628229e+02 1.051558e+03 5.330408e+02
9.820606e+02 4.043670e+02 9.851952e+02 4.768395e+02
9.038410e+02 2.880935e+02 9.048395e+02 3.107697e+02
2.898179e+01 1.016884e+02 4.905560e+01 1.136605e+02
2.126927e+02 1.866370e+02 2.351550e+02 1.989803e+02
1.871087e+02 4.270113e+01 1.978622e+02 8.034298e+01
1.823531e+02 4.134435e+01 1.924423e+02 7.420081e+01
8.716720e+02 6.547979e+01 9.169046e+02 2.251940e+00
9.720241e+02 3.245163e+02 9.700363e+02 3.617769e+02
1.219300e+03 5.293861e+02 1.264364e+03 5.320575e+02
1.108666e+03 2.307050e+00 1.010236e+03 8.767598e+01
9.718750e+02 7.193427e+02 1.278125e+03 7.193830e+02
1.051874e+03 5.346069e+02 1.144378e+03 5.351648e+02
3.322285e+01 3.133342e+02 5.100582e+01 3.050167e+02
3.491826e+02 2.653171e+02 3.554720e+02 2.869196e+02
9.107681e+02 2.791008e+02 9.259379e+02 2.680845e+02
5.123001e+01 1.242685e+02 7.175156e+01 1.358438e+02
1.333786e+02 2.988237e+00 1.297498e+02 2.942644e+01
8.932965e+01 1.981255e+02 8.955652e+01 2.206232e+02
4.916634e+01 2.891036e+02 7.341316e+01 2.942735e+02
8.737703e+02 1.311865e+02 9.098176e+02 8.976017e+01
7.588074e+01 5.677885e+01 5.872467e+01 3.758888e+01
1.140154e+03 1.417874e+02 1.141510e+03 1.731947e+02
6.393750e+02 1.875000e+00 7.443750e+02 1.875000e+00
1.171974e+03 4.432110e+02 1.178983e+03 5.369977e+02
7.506250e+02 1.875000e+00 8.806250e+02 1.875000e+00
3.219282e+02 2.292827e+00 4.454556e+02 1.957332e+02
1.594399e+02 5.822317e+01 9.541418e+01 1.942809e+00
9.867636e+02 4.059228e+02 1.040654e+03 3.996200e+02
1.875000e+00 6.318750e+02 1.875000e+00 7.181250e+02
4.231067e+02 4.987721e+02 4.643944e+02 4.999367e+02
2.922170e+02 1.130667e+02 2.904549e+02 1.405339e+02
9.881203e+02 4.440086e+02 1.043127e+03 4.433100e+02
1.431924e+02 2.711617e+00 1.543108e+02 3.814516e+01
3.418750e+02 1.875000e+00 4.843750e+02 1.875000e+00
8.185543e+01 3.108803e+02 1.132087e+02 3.132835e+02
3.141886e+02 6.591208e+02 2.817293e+02 6.829263e+02
1.279375e+03 6.431250e+02 1.279375e+03 7.181250e+02
8.860770e+01 2.691299e+02 1.035467e+02 2.985457e+02
6.531908e+02 3.350759e+00 7.431408e+02 9.128860e+00
9.269263e+02 6.855573e+02 9.703573e+02 7.184782e+02
3.418063e+02 2.280156e+02 3.681155e+02 2.266861e+02
1.734628e+02 1.887584e+02 1.969977e+02 2.016511e+02
1.044413e+03 3.955662e+02 1.068067e+03 4.107152e+02
1.154719e+03 4.456779e+02 1.159680e+03 5.306802e+02
8.131559e+02 1.380128e+01 8.693776e+02 1.682652e+01
9.486797e+01 2.557452e+02 8.372138e+01 2.385487e+02
1.812997e+02 3.371835e+01 2.206392e+02 7.186034e+01
9.900675e+02 2.635754e+01 1.015161e+03 2.634466e+00
3.320717e+02 3.002073e+00 3.585427e+02 4.536397e+01
4.430985e+02 1.726520e+02 4.943741e+02 1.744022e+02
1.123840e+02 7.942276e+01 1.392586e+02 1.004244e+02
7.543367e+02 9.976248e+00 8.056176e+02 1.324174e+01
1.003110e+03 2.711286e+01 1.064359e+03 3.088846e+01
1.643750e+02 1.875000e+00 2.318750e+02 1.875000e+00
4.930718e+02 2.873301e+00 5.002395e+02 3.695606e+01
2.356250e+02 1.875000e+00 3.193750e+02 1.875000e+00
1.236901e+03 4.831233e+02 1.239830e+03 5.280954e+02
4.008303e+01 2.381196e+02 3.979806e+01 2.668792e+02
1.039022e+03 3.081748e+02 1.046258e+03 3.594620e+02
8.107540e+02 1.244626e+02 8.360649e+02 8.717359e+01
1.142638e+03 4.594056e+02 1.146722e+03 5.243059e+02
